12 81
13 97
52 94
72 97
75 88
42 91
59 75
59 84
12 69
13 23
21 87
47 64
24 27
5 41
55 83
35 40
53 94
22 43
34 86
30 73
77 97
47 70
27 98
8 48
26 58
14 58
20 23
70 83
15 79
58 79
60 64
35 75
59 95
4 57
32 38
41 73
11 95
15 83
42 69
45 90
36 58
17 91
14 27
18 91
9 70
3 48
73 78
52 53
21 80
19 29
32 84
0 89
48 75
19 55
34 99
57 83
8 17
17 18
54 86
20 34
7 45
2 63
11 21
58 62
2 82
65 88
19 40
26 36
1 49
19 42
69 77
23 27
46 82
51 73
75 96
16 50
28 91
2 85
24 28
3 79
32 97
13 36
39 66
22 76
4 54
47 71
3 92
13 55
31 64
40 49
25 94
61 92
38 79
6 98
35 84
1 53
25 50
16 34
71 85
31 89
30 46
37 87
11 18
15 21
26 39
8 65
84 87
53 71
83 89
9 85
9 99
7 35
17 31
84 85
38 80
34 44
21 49
25 81
64 88
88 94
8 98
3 29
79 92
30 88
31 33
10 24
40 47
30 87
4 64
28 40
20 94
58 84
34 96
19 41
29 60
2 42
2 88
7 42
52 79
3 82
33 48
18 75
42 78
66 97
92 95
87 96
47 96
8 67
7 16
41 50
43 98
24 74
29 74
67 70
69 90
19 67
12 96
45 65
0 42
16 57
34 78
79 88
34 56
89 97
36 49
10 96
15 57
71 81
64 94
31 61
13 59
9 17
7 97
22 71
6 28
2 51
50 65
16 74
3 67
35 88
69 81
65 79
8 89
16 40
8 52
40 80
74 94
1 57
8 47
34 40
45 92
19 37
54 76
49 82
49 63
64 79
17 66
58 65
71 80
5 94
56 73
90 97
63 89
13 90
67 78
78 93
67 85
11 40
8 87
55 62
84 95
48 87
90 99
5 69
45 62
24 40
0 50
13 87
55 75
3 34
55 85
4 36
39 77
25 39
91 97
1 81
7 12
68 85
63 82
52 57
66 79
24 81
43 73
6 59
62 81
6 96
1 10
24 42
59 99
88 89
36 73
3 75
38 40
27 84
48 97
35 41
42 93
16 33
6 31
70 74
69 85
62 73
40 89
8 22
68 92
6 47
17 39
42 73
25 84
6 40
1 48
30 67
9 45
89 94
55 87
31 39
18 41
59 69
34 74
68 73
12 99
16 87
25 41
19 78
38 44
51 81
21 97
4 29
49 86
22 84
49 96
21 88
45 69
18 64
8 37
32 90
13 56
2 59
13 66
29 98
53 86
7 81
71 72
52 55
58 73
0 55
13 32
33 44
46 92
19 63
56 83
43 96
7 52
48 82
27 75
38 42
87 94
19 65
54 68
19 72
7 31
27 53
28 50
10 77
0 97
57 70
44 61
7 38
6 73
52 91
27 93
44 92
93 95
27 69
37 70
40 97
33 93
9 79
59 76
20 64
18 93
56 89
15 78
10 95
2 37
51 93
23 54
3 63
51 52
0 21
75 81
77 87
3 96
63 66
23 39
37 76
20 90
37 88
58 96
9 59
5 35
0 66
30 44
4 75
62 84
82 98
56 76
33 65
15 42
26 49
0 93
5 26
44 71
78 88
8 20
38 85
33 34
69 70
84 94
7 64
27 81
28 31
43 46
60 68
33 36
41 88
10 69
7 56
4 41
61 96
59 60
17 79
57 95
11 42
27 97
46 57
35 95
66 78
41 60
10 85
23 71
39 51
19 73
64 76
66 94
0 16
31 38
40 50
11 70
65 67
6 9
95 97
72 75
47 73
20 30
23 87
62 63
64 98
41 67
60 83
63 98
9 94
27 48
7 91
76 93
23 73
10 36
55 94
5 77
14 31
0 52
47 65
54 97
56 85
36 99
14 92
6 70
95 96
69 71
49 50
4 99
37 38
12 22
0 22
5 65
17 22
83 96
63 83
21 23
73 81
33 66
43 89
94 99
16 48
4 7
63 67
70 75
14 47
18 60
12 14
14 85
26 75
2 56
4 98
6 79
7 86
17 92
35 72
30 62
24 76
40 52
35 62
28 82
11 28
4 94
83 98
73 83
84 97
64 80
35 76
42 65
80 88
71 87
11 14
10 66
29 83
51 79
22 65
20 86
39 94
17 83
15 44
19 96
1 80
55 65
66 84
39 70
15 36
37 79
41 47
23 45
25 28
30 55
71 90
12 21
19 24
55 71
29 41
9 81
8 86
21 40
38 60
6 76
9 28
25 60
9 76
38 67
13 93
73 96
4 85
61 89
38 97
57 86
53 82
54 58
40 69
36 87
43 64
49 67
11 85
16 79
64 96
65 74
42 45
29 44
21 65
25 46
29 42
7 78
46 88
46 58
4 62
51 87
61 78
20 42
71 94
3 9
16 61
84 90
18 76
25 57
44 48
21 78
40 60
22 59
10 27
50 97
13 76
18 40
11 36
0 98
62 92
3 90
43 88
2 86
69 96
21 62
3 57
56 90
27 66
54 94
86 87
15 76
24 31
23 37
8 10
37 98
58 64
4 95
52 67
24 45
22 30
9 31
13 60
51 85
52 81
42 94
41 84
76 96
28 90
48 77
41 87
63 72
4 86
51 78
32 42
42 54
36 76
25 48
62 93
32 54
23 26
31 79
91 95
36 80
8 12
46 87
41 56
45 82
46 61
89 96
44 69
36 91
44 55
16 73
48 76
14 98
13 91
2 13
44 63
75 86
1 68
51 83
28 98
1 6
79 84
17 44
6 18
54 81
3 21
21 33
29 78
59 97
16 65
73 79
30 33
49 53
27 42
67 93
22 45
64 93
72 73
76 86
11 13
6 64
6 52
19 52
74 96
1 79
33 80
18 62
24 36
67 84
14 81
11 23
5 91
22 40
48 62
0 33
0 51
1 51
64 78
1 65
0 57
4 68
53 63
42 96
15 40
53 73
79 97
15 23
11 89
52 74
62 69
24 38
29 43
75 95
20 47
31 70
29 93
34 54
60 76
96 97
29 87
42 67
18 42
68 91
65 87
3 6
4 22
9 71
53 83
7 10
75 84
36 98
15 27
24 44
15 94
16 93
21 91
34 91
20 75
22 29
63 97
36 82
7 73
2 99
30 68
65 76
14 64
50 80
66 91
44 73
9 55
15 74
12 50
51 55
14 26
27 49
92 96
29 56
61 93
20 78
35 74
31 66
18 21
49 62
27 33
14 87
60 84
39 98
57 85
8 50
76 85
72 87
29 46
17 73
9 78
46 78
26 48
32 94
0 18
63 87
4 91
49 87
7 75
14 94
41 46
18 24
4 93
75 99
48 79
39 65
29 62
19 44
5 98
0 91
11 72
38 64
24 72
15 47
59 89
31 34
30 39
36 42
44 66
23 24
39 81
15 71
54 99
16 91
2 47
1 22
52 97
35 70
4 69
33 72
12 64
60 94
48 53
49 80
7 67
0 62
56 57
11 20
82 86
33 61
51 94
63 90
13 35
33 74
63 80
30 80
7 11
12 78
21 54
33 51
25 45
30 48
29 55
34 94
55 99
25 54
7 90
14 78
57 94
0 24
16 47
78 89
6 29
56 67
9 52
2 45
22 35
73 80
2 16
41 89
15 56
0 49
31 48
35 99
20 88
26 68
63 64
29 31
23 42
3 91
7 25
13 33
19 69
5 48
26 71
14 44
25 64
74 99
68 94
72 79
33 96
71 95
18 66
52 60
76 98
68 75
16 43
37 80
38 76
56 82
10 44
4 25
24 32
52 87
48 51
22 85
49 99
6 84
14 93
5 15
75 76
42 90
9 97
35 44
42 66
11 59
24 37
51 88
33 86
46 63
69 98
64 73
11 83
12 97
15 68
5 14
20 45
61 88
4 61
75 77
8 97
33 67
42 76
64 97
41 81
22 39
28 86
8 93
4 43
62 70
27 57
21 76
29 96
32 82
17 37
20 97
5 39
19 92
3 73
9 64
13 31
74 80
5 33
12 13
14 56
21 47
23 46
10 42
9 67
3 12
74 95
6 50
18 92
22 96
39 46
35 45
22 99
19 75
57 62
37 55
29 66
65 91
23 68
10 49
16 24
84 93
60 91
37 66
14 38
47 97
19 51
16 32
50 63
53 97
30 96
3 11
7 23
4 26
26 41
35 80
51 75
30 85
59 65
49 94
36 40
59 83
19 74
31 35
57 92
82 91
59 92
83 97
7 55
38 70
12 58
3 95
14 60
52 73
20 70
67 72
25 71
8 58
42 84
47 76
19 81
8 44
26 56
9 49
57 67
72 92
35 82
3 85
16 58
55 76
78 81
60 98
48 65
16 51
21 79
69 76
80 86
26 61
63 70
30 42
23 66
14 91
44 78
23 82
58 63
32 92
9 61
55 79
71 79
62 71
15 82
43 76
8 54
52 56
32 72
67 87
47 98
12 48
9 51
52 68
54 84
20 51
34 76
37 96
89 99
7 36
86 99
37 40
12 39
67 74
37 84
13 25
2 15
10 37
50 58
26 87
22 98
32 49
23 48
82 97
66 89
38 41
3 36
29 65
10 45
22 27
14 17
34 71
22 63
6 75
15 92
23 97
58 74
25 43
23 32
23 69
22 94
45 84
8 96
77 81
18 51
35 57
4 55
33 52
13 40
43 93
57 97
15 97
16 49
9 40
33 60
62 66
34 58
17 24
12 71
21 90
38 84
20 41
80 99
43 77
71 98
47 95
0 36
20 43
6 37
40 88
76 88
39 49
9 47
5 62
72 77
18 20
4 5
65 66
1 67
7 61
23 98
2 34
29 94
10 73
30 66
0 1
18 22
73 76
36 47
67 68
11 69
86 97
68 71
16 75
31 77
20 73
58 60
11 35
40 55
27 64
40 79
1 93
28 85
46 99
15 50
11 26
34 39
35 39
45 94
44 53
32 68
6 27
51 96
77 99
6 62
3 80
12 89
13 18
53 64
8 56
34 41
5 81
59 82
1 28
19 82
40 65
1 40
12 93
25 96
56 81
87 99
49 88
60 93
18 36
65 82
30 74
43 79
4 56
8 23
27 63
11 53
30 84
21 37
23 84
7 48
32 43
5 78
30 50
78 95
7 43
3 93
12 85
41 65
52 70
1 83
43 92
40 78
1 12
14 20
10 35
48 49
79 99
39 43
21 39
3 76
14 69
11 86
77 78
0 3
28 54
93 96
41 72
7 74
38 45
29 76
40 59
33 41
4 13
72 98
48 85
38 51
14 96
2 50
71 74
60 97
42 64
18 63
22 87
23 86
46 50
83 92
63 65
67 79
53 89
32 66
32 61
57 73
22 54
82 94
23 40
0 96
67 73
1 25
46 66
11 97
23 56
46 72
43 49
11 22
20 91
22 51
48 89
35 55
21 29
78 84
36 44
28 94
45 74
40 98
60 89
18 87
27 80
21 30
89 95
60 85
77 92
2 17
27 88
32 62
22 28
49 93
23 76
12 30
41 52
26 74
6 71
15 54
4 19
7 47
23 70
16 78
38 57
20 92
50 54
43 81
16 22
24 93
47 74
5 72
5 19
9 54
70 71
12 38
11 58
86 88
12 15
68 74
5 87
92 93
29 54
35 86
32 73
49 77
35 67
27 91
51 53
8 64
23 99
30 69
26 70
16 19
6 23
17 47
24 67
42 56
44 90
16 69
25 99
9 13
80 92
44 54
60 79
19 59
25 87
34 68
15 80
87 91
3 74
6 36
11 25
32 75
7 59
16 59
44 75
47 48
69 87
28 46
29 35
61 99
18 56
21 95
26 91
10 26
90 96
22 33
20 59
13 54
41 54
67 69
55 82
3 54
81 83
56 59
1 2
30 98
48 63
29 88
51 98
36 71
7 82
1 14
41 80
12 95
9 92
54 75
84 98
22 75
1 90
20 80
63 86
29 89
17 21
8 95
87 93
31 85
31 56
39 64
9 80
31 55
62 76
1 36
6 78
41 48
44 45
40 66
61 86
48 70
32 59
25 61
34 80
15 66
33 76
10 29
26 83
58 89
22 47
24 82
35 91
6 38
29 34
36 85
41 58
52 77
16 64
3 55
41 83
39 69
13 51
94 95
80 89
61 82
28 99
34 46
13 96
67 90
62 95
14 80
86 96
19 57
18 37
62 83
29 75
55 58
1 59
11 37
7 37
15 63
21 51
60 96
81 84
2 79
25 32
13 57
7 69
37 89
1 35
16 68
2 84
83 84
11 75
18 79
41 99
41 98
89 93
32 81
85 86
24 47
5 85
46 94
23 57
30 32
71 84
45 73
59 91
67 77
27 87
65 78
17 30
73 88
39 85
10 62
17 33
20 25
27 68
17 38
25 30
25 88
43 47
41 44
30 60
52 58
16 17
12 82
27 72
5 90
76 90
35 68
3 66
11 33
6 30
2 19
82 85
12 49
8 15
5 17
70 80
21 42
11 61
1 50
3 17
23 85
18 19
93 97
55 72
12 56
48 92
61 71
5 29
2 46
43 83
7 30
12 75
1 69
45 56
20 28
12 84
27 46
0 76
0 77
30 82
48 66
1 4
79 90
2 92
26 82
50 55
22 89
48 52
54 67
1 94
31 54
2 83
69 72
21 77
13 46
63 68
34 35
7 85
37 65
17 23
57 81
13 28
5 20
58 93
62 72
9 11
21 63
60 82
54 63
20 21
10 78
46 48
48 95
12 59
64 74
5 10
18 95
5 11
5 46
32 34
10 40
31 84
13 99
33 90
27 38
37 50
12 45
49 54
59 96
12 60
62 98
4 80
61 69
52 95
64 77
47 75
13 19
67 80
32 88
39 73
25 79
37 92
11 78
35 38
5 13
67 94
29 48
35 43
18 32
41 90
51 77
20 81
53 96
0 26
45 72
52 69
32 89
31 53
50 71
54 77
37 67
1 78
8 46
25 33
31 37
6 55
53 81
41 55
4 38
55 81
26 97
19 86
17 82
84 86
33 97
34 61
12 29
1 20
21 58
59 80
21 45
80 96
19 79
6 39
32 93
5 74
22 69
22 92
50 76
28 38
66 98
10 15
31 73
44 74
4 66
20 32
74 97
45 88
0 28
7 79
16 36
34 48
1 92
46 73
11 82
40 95
30 57
51 91
15 60
68 79
40 74
40 64
63 79
30 35
46 79
25 36
8 25
40 86
70 79
11 87
72 90
32 79
25 75
7 72
78 96
30 76
23 74
49 85
26 53
37 74
3 32
13 42
70 88
45 76
9 75
8 75
22 38
60 67
35 64
47 78
8 29
39 89
20 35
23 79
54 74
43 71
28 95
16 82
32 35
43 91
28 61
16 44
43 84
1 44
30 78
34 63
42 97
44 98
39 79
9 29
79 93
55 93
56 75
2 57
0 41
1 88
45 67
21 44
37 39
45 71
20 48
37 62
19 31
5 47
37 99
60 66
37 82
5 83
10 51
5 8
58 75
4 87
5 38
31 49
7 76
49 75
65 92
63 93
71 83
57 98
9 82
83 86
49 76
35 49
37 63
23 81
48 84
2 71
12 31
45 80
21 67
2 60
68 89
9 58
16 52
1 45
32 85
60 65
13 22
73 99
27 85
40 84
16 83
44 50
30 45
61 79
40 54
26 85
11 27
47 55
15 25
6 82
24 92
97 98
58 82
39 58
68 83
36 37
43 67
34 62
95 98
1 17
36 66
53 72
32 96
51 54
5 9
45 51
13 85
25 93
7 51
3 97
24 29
35 71
32 69
87 97
45 79
47 67
47 54
43 97
59 61
17 36
11 29
34 45
12 87
3 88
5 66
18 52
29 61
5 58
68 84
11 32
39 88
70 81
24 85
36 56
1 18
21 72
18 50
86 92
24 97
18 59
51 80
1 5
36 45
30 65
58 95
13 52
19 80
61 98
74 83
33 84
48 59
71 88
73 90
31 63
3 15
15 20
72 91
39 68
11 64
5 60
27 61
31 96
41 92
4 47
57 89
62 68
7 28
24 79
5 27
10 94
41 63
42 50
20 60
3 22
48 99
14 83
18 69
1 61
30 79
53 65
45 83
17 65
18 99
1 7
65 73
57 71
59 81
61 77
68 70
0 85
73 85
61 73
20 29
47 68
6 68
69 92
56 84
21 50
21 92
29 85
84 96
21 84
45 81
1 70
67 91
40 93
36 41
55 66
15 45
93 94
31 45
80 95
0 64
13 65
7 83
4 77
18 82
35 79
27 96
24 87
47 99
30 64
1 87
17 54
51 97
12 35
72 78
54 98
27 83
24 65
37 93
30 95
39 50
23 41
10 88
5 37
95 99
42 52
39 56
2 54
7 18
18 90
47 84
10 41
46 96
24 50
14 15
71 75
3 71
9 15
14 32
83 93
17 75
56 99
38 48
74 85
32 37
23 63
0 94
30 37
69 83
20 95
10 65
86 90
3 35
16 20
7 54
44 89
63 95
18 27
49 71
91 96
36 53
13 58
45 49
9 69
84 92
83 99
19 47
14 18
26 35
47 83
33 94
5 45
58 91
40 91
51 63
13 15
53 69
15 58
74 79
11 55
77 95
25 26
27 54
76 81
6 74
11 74
47 81
46 75
14 45
35 78
66 75
85 92
56 71
1 72
59 77
40 71
7 17
20 50
34 79
1 95
43 58
10 82
25 76
63 85
11 60
7 77
1 9
30 86
41 82
24 66
23 47
36 97
13 73
17 74
18 45
1 15
14 19
41 75
21 59
53 67
4 33
60 88
2 96
13 17
36 67
12 37
28 34
44 60
27 31
15 26
64 66
57 99
45 86
50 96
23 25
43 53
45 97
40 77
59 90
12 70
71 96
79 94
54 61
4 34
0 6
16 67
87 98
3 16
2 49
18 55
11 65
28 43
15 90
66 86
17 41
44 77
9 68
10 87
4 27
43 95
20 54
65 95
30 89
12 55
42 82
12 80
34 52
27 82
75 92
45 93
7 88
83 94
12 52
72 80
6 24
22 80
38 72
17 43
33 63
20 24
12 44
27 52
34 53
70 89
68 98
48 72
14 46
11 31
78 99
67 81
7 8
12 34
8 53
21 32
8 73
47 52
70 78
7 58
18 85
44 93
9 43
25 44
37 68
50 67
64 91
67 88
42 71
62 87
33 95
29 97
40 96
48 90
66 70
32 40
55 80
39 47
33 64
22 81
25 29
71 76
37 49
6 14
38 92
64 85
28 59
3 41
61 65
53 98
3 39
37 60
4 28
8 43
47 80
36 83
57 82
63 69
22 41
2 48
1 85
6 44
25 47
22 77
57 88
18 48
43 94
60 72
33 62
55 77
14 55
25 34
39 90
1 16
16 39
15 24
62 78
32 58
51 61
20 44
25 82
1 89
43 72
11 99
9 65
17 55
3 47
3 81
41 62
25 95
5 56
14 35
27 60
26 90
49 51
10 64
17 28
17 61
18 83
22 86
78 86
32 77
50 73
38 89
11 84
19 76
14 40
31 93
25 31
0 83
69 95
20 71
18 43
61 74
74 93
66 74
7 84
20 77
35 42
50 79
35 61
39 42
44 86
17 96
48 54
20 83
81 87
21 66
77 82
40 53
33 73
9 41
68 81
66 81
28 55
61 62
24 89
24 58
10 28
14 68
42 83
52 88
45 60
53 54
70 73
11 73
44 95
44 97
49 65
42 72
91 98
7 34
51 92
50 62
9 22
11 94
49 60
22 73
43 85
46 60
19 23
16 66
52 64
32 39
87 89
45 61
79 82
46 62
62 90
58 92
7 24
76 99
13 84
18 38
50 88
79 98
73 87
22 91
44 49
0 14
48 69
26 77
1 21
15 51
83 91
23 96
29 58
4 16
10 23
44 76
1 86
79 96
69 78
16 29
30 70
14 36
40 45
5 55
5 93
59 86
24 41
1 19
90 92
42 92
5 64
14 66
63 81
57 64
45 96
0 17
17 89
38 66
2 72
78 83
1 29
19 46
39 83
20 38
57 87
66 72
14 75
79 85
71 73
27 36
39 99
15 67
13 79
63 71
74 75
40 92
11 38
39 48
26 98
41 51
31 36
8 77
1 96
59 64
13 20
42 55
57 76
28 64
42 51
40 44
58 98
19 30
13 21
19 28
37 44
23 93
33 98
12 63
20 79
33 47
24 62
16 25
66 76
73 75
4 63
2 73
62 75
34 70
39 74
39 41
26 57
15 53
0 35
66 90
6 46
31 40
28 96
3 98
75 93
4 73
8 88
7 9
0 4
14 95
8 82
33 57
37 69
31 42
17 72
19 56
9 87
12 77
43 70
11 91
10 92
34 81
44 81
71 78
17 45
33 88
22 67
84 91
45 99
88 95
72 93
25 27
43 56
54 65
50 91
12 92
37 47
85 87
6 49
13 71
77 85
91 94
9 93
36 96
42 48
3 28
0 44
54 60
14 50
31 46
4 32
33 82
12 32
64 75
14 21
38 91
29 33
0 12
13 89
1 31
36 55
31 72
44 68
79 87
53 93
50 86
17 57
2 21
4 24
75 94
58 88
17 56
22 78
62 74
12 62
48 61
11 71
63 73
7 39
31 65
63 74
75 78
41 66
15 41
1 43
28 77
33 54
14 41
26 92
7 22
1 99
29 64
58 86
2 98
34 42
38 39
23 30
46 64
52 59
37 52
46 71
16 62
27 44
11 44
50 72
1 42
60 73
14 89
43 82
36 77
1 55
60 77
72 84
38 87
41 79
8 63
17 63
47 59
48 88
48 81
17 85
23 67
21 31
19 70
18 33
18 86
18 81
81 98
58 68
2 18
27 89
13 74
89 92
63 99
5 68
26 33
33 71
8 31
4 82
39 95
54 59
33 69
57 65
47 94
65 71
0 88
57 80
52 71
44 72
25 40
71 93
18 74
20 85
1 97
2 55
78 79
2 11
14 48
29 95
62 67
26 94
34 55
47 72
80 93
25 97
48 80
67 83
51 86
28 48
72 89
2 31
72 99
59 71
33 40
81 91
33 83
47 50
43 99
43 60
15 91
26 44
3 83
52 62
44 85
32 86
1 32
69 84
25 65
33 79
44 88
7 99
69 99
30 43
16 53
8 38
70 86
28 97
59 70
3 60
21 27
37 54
28 72
75 91
12 26
32 52
0 65
47 87
15 64
8 91
0 34
76 82
51 70
9 14
17 50
36 65
35 97
19 22
2 32
12 90
41 61
24 80
39 75
5 34
6 56
53 88
25 62
8 74
19 21
33 99
55 56
53 90
7 71
88 98
0 80
57 74
33 49
40 82
40 73
35 58
27 40
10 84
53 87
14 30
27 59
4 15
46 70
13 95
31 59
64 99
31 47
57 68
20 36
34 84
61 66
20 68
25 78
56 63
69 82
47 57
51 84
2 33
50 57
45 78
13 98
59 79
56 69
8 55
80 82
64 87
16 88
17 27
76 97
48 71
13 37
27 50
18 88
27 94
30 90
46 52
20 53
54 87
13 62
55 59
18 61
32 80
36 43
56 93
50 74
5 6
28 79
14 67
7 57
39 67
58 71
34 36
11 30
1 24
22 24
73 95
58 87
10 18
38 69
19 97
8 84
3 99
28 57
15 75
13 34
35 90
38 73
23 36
16 76
25 91
6 85
39 53
21 69
46 77
49 69
15 48
80 81
0 60
22 61
36 46
61 75
3 4
6 54
44 67
25 42
6 66
26 55
4 23
23 35
30 41
5 43
37 86
25 89
18 97
57 66
2 10
15 89
43 68
9 90
56 80
42 53
93 99
45 58
7 41
86 94
54 64
2 23
26 29
11 93
31 83
4 88
59 87
8 24
11 15
59 98
22 66
0 92
52 66
8 19
29 79
3 42
35 53
55 63
0 48
33 50
2 77
49 73
1 41
32 51
12 91
9 53
0 87
71 89
41 86
34 97
50 93
11 62
45 70
22 23
94 97
50 68
20 99
45 63
7 53
13 80
72 82
2 38
45 46
9 27
52 86
28 76
71 77
0 40
5 82
32 78
9 73
40 68
15 19
31 71
6 92
5 49
2 74
14 82
26 54
22 83
31 52
3 27
19 25
23 60
74 90
39 61
51 60
39 92
29 84
22 58
28 30
10 31
26 51
36 60
17 42
6 43
75 85
64 70
1 39
5 42
0 63
16 95
24 88
46 68
34 37
3 44
44 96
34 43
72 76
2 67
16 28
4 18
20 82
40 67
0 15
41 68
2 94
45 55
11 66
14 34
13 67
53 60
29 99
22 44
25 56
47 61
72 95
8 13
32 60
42 98
19 53
41 91
16 80
12 36
1 38
40 94
2 3
72 86
66 99
48 91
28 44
61 76
2 80
7 20
22 90
25 92
20 46
36 86
16 77
8 61
8 28
6 34
3 53
73 86
76 92
8 60
34 51
1 8
33 87
35 46
53 59
90 94
31 91
17 40
50 77
9 35
3 70
12 27
22 79
30 31
11 24
47 77
49 95
14 72
40 99
28 39
15 29
13 50
0 68
5 21
13 48
41 64
49 70
39 44
24 30
4 83
86 89
10 81
6 21
2 75
3 78
32 83
22 50
15 99
59 78
35 98
3 31
82 96
27 41
45 53
3 5
73 74
33 53
36 38
8 79
35 85
90 91
10 91
67 82
12 20
32 53
31 87
2 39
10 47
39 97
45 68
25 77
60 95
5 25
26 76
32 47
84 88
10 16
80 85
39 72
40 41
41 94
69 97
48 94
8 41
6 20
13 44
10 79
8 99
10 14
42 60
32 44
11 41
36 39
33 89
34 73
29 52
41 59
61 87
58 99
59 94
21 35
0 99
9 23
60 99
22 32
1 91
59 68
37 48
13 45
23 58
42 63
13 41
61 67
61 70
55 57
32 57
54 55
66 87
38 81
28 80
48 58
36 84
73 93
19 58
7 19
8 83
18 28
25 59
77 94
90 95
29 39
52 85
59 85
41 57
31 94
8 69
60 69
3 94
20 39
0 61
12 43
71 99
50 81
70 92
12 74
20 52
31 51
91 93
16 60
22 48
18 54
7 96
38 99
56 77
20 72
6 41
23 75
11 90
47 92
6 25
55 97
8 30
29 47
18 34
26 86
13 72
49 72
9 84
11 81
58 81
54 91
96 98
48 93
29 59
70 72
19 93
28 92
47 89
32 36
9 26
3 61
77 93
15 81
3 58
21 98
60 63
9 89
6 8
65 93
24 86
2 43
4 52
17 19
10 67
55 74
32 87
15 95
85 96
18 70
9 18
6 88
22 74
27 35
38 65
76 79
14 22
35 89
34 85
80 87
35 73
20 66
41 77
54 82
51 56
2 35
34 64
3 65
81 94
55 64
28 75
81 82
69 73
61 91
50 60
24 94
22 68
13 88
9 77
23 50
6 65
25 74
19 94
6 86
40 56
37 90
12 76
31 81
7 50
29 90
21 74
43 54
28 49
68 69
64 95
72 83
36 63
38 96
11 34
26 42
21 94
6 51
53 61
37 45
29 81
34 59
3 30
38 58
29 82
2 26
0 13
5 73
53 57
0 75
27 30
14 62
0 25
8 34
3 7
29 32
18 31
19 39
85 97
87 95
20 37
16 92
27 34
53 58
83 85
7 93
12 33
38 71
58 83
47 69
21 57
31 58
23 53
29 63
10 50
75 82
66 85
23 51
10 89
7 80
1 13
53 74
70 99
21 85
66 96
34 95
66 82
5 70
19 71
15 38
8 70
77 98
44 59
5 57
14 61
4 42
11 52
33 92
10 55
25 49
4 45
38 50
34 49
28 56
49 91
77 84
81 99
28 36
29 37
43 51
62 96
2 14
49 56
19 45
42 89
14 77
55 69
23 61
13 27
14 51
24 84
57 84
40 76
7 44
27 92
24 59
32 65
43 57
36 64
72 94
39 62
23 38
32 41
5 31
19 36
32 55
0 46
73 92
74 81
16 97
10 20
5 79
20 93
37 97
82 93
26 30
34 47
22 49
65 90
92 97
75 89
68 93
6 11
70 97
8 68
72 81
34 93
12 94
3 23
12 46
55 96
68 88
41 74
9 32
63 84
16 56
24 57
69 79
13 70
11 63
6 58
27 32
77 86
16 41
41 96
7 92
79 91
5 36
55 89
1 82
79 89
9 56
25 80
54 93
48 67
5 30
5 18
28 60
26 34
4 79
30 59
66 80
10 75
10 38
63 88
19 85
84 99
65 80
25 73
65 75
46 65
47 85
21 86
21 25
2 61
4 12
69 75
38 59
14 73
19 54
23 95
48 64
16 86
14 24
68 97
33 42
16 46
51 68
1 73
5 61
2 30
6 19
32 46
37 57
53 85
15 37
64 84
19 91
35 81
12 73
2 53
54 57
6 67
96 99
64 81
66 88
80 84
41 97
0 27
30 52
31 68
25 66
0 11
2 28
40 43
3 59
12 67
7 60
57 96
36 75
35 87
17 64
45 66
82 92
24 56
81 93
10 98
35 37
36 69
65 85
43 45
3 26
5 54
74 87
28 47
45 50
8 94
92 99
52 84
1 58
6 83
29 50
21 96
15 33
63 94
4 39
43 55
61 68
38 90
16 90
21 89
27 70
14 29
10 43
51 62
13 92
16 98
11 88
7 14
38 77
10 53
38 56
22 60
60 62
17 88
41 95
7 68
10 60
22 26
82 99
9 16
21 26
40 81
21 64
40 83
29 45
32 45
11 48
2 29
31 99
51 58
21 48
37 43
5 51
73 91
39 82
17 84
49 97
65 99
45 57
88 90
47 86
17 32
27 67
56 74
73 84
69 89
24 35
58 90
22 53
14 33
67 86
42 86
8 71
5 97
80 94
42 87
16 81
20 40
70 87
67 89
56 87
9 66
18 26
24 98
31 32
66 73
8 9
45 48
2 69
63 78
27 43
8 32
76 95
17 51
4 9
73 77
38 49
29 70
10 21
62 85
2 6
10 25
67 71
46 55
37 75
20 74
8 16
75 98
39 63
13 26
28 63
0 71
56 62
28 67
15 18
10 12
30 36
20 58
68 78
56 58
35 63
18 29
16 30
62 88
33 81
65 72
9 91
52 75
25 70
16 84
30 71
21 22
0 31
17 93
64 71
46 56
39 52
30 58
20 69
55 67
18 78
14 54
39 76
1 75
12 68
51 71
19 35
27 55
24 55
5 59
24 39
21 24
87 88
2 66
26 27
7 66
44 91
27 73
50 84
51 82
30 83
26 95
74 82
36 68
34 83
65 89
81 86
71 91
25 35
36 94
34 50
59 73
46 54
50 52
10 97
24 83
32 99
62 82
76 87
9 96
24 91
13 86
18 49
22 52
58 66
23 80
6 63
17 98
36 89
1 23
63 76
28 73
2 91
6 45
1 62
27 47
44 64
15 30
68 96
13 43
5 28
35 69
7 95
3 89
23 88
55 73
0 78
77 80
41 93
55 84
24 54
2 44
26 64
31 57
35 51
19 38
50 89
50 61
35 94
78 97
27 51
18 47
26 99
18 39
76 84
20 57
32 56
5 86
28 93
42 57
81 85
10 39
23 43
18 89
66 93
39 87
52 98
74 84
48 55
4 60
75 90
4 49
9 38
56 65
40 75
45 47
9 37
12 88
57 93
20 55
63 96
62 89
29 80
82 88
39 93
52 76
45 75
61 63
80 97
40 72
29 73
76 77
3 68
20 63
49 52
10 11
24 99
61 83
11 46
60 71
59 62
4 40
60 78
53 91
31 74
26 84
85 99
11 80
4 92
11 77
20 96
6 22
68 99
3 24
68 86
69 93
66 68
5 88
30 34
36 81
25 86
32 91
32 71
18 71
4 21
34 67
43 80
91 92
2 95
3 18
10 68
24 95
18 72
54 88
2 70
67 99
38 82
43 52
36 62
78 91
39 78
64 86
26 62
17 52
82 84
2 68
52 72
68 76
37 73
13 24
4 84
7 98
42 99
54 89
71 97
26 89
16 99
67 75
16 96
16 35
30 47
15 98
9 60
15 93
50 59
68 82
43 86
58 97
31 88
19 34
24 49
41 78
29 69
28 81
63 77
12 83
0 20
38 78
72 88
79 80
18 58
65 70
28 78
24 46
16 94
33 56
31 62
6 94
10 52
42 77
5 24
5 92
38 46
45 77
32 95
8 62
85 88
20 49
12 40
78 92
10 80
18 68
8 49
41 42
43 69
14 71
11 68
55 70
24 75
12 79
63 75
18 96
30 56
6 57
14 97
71 86
2 41
7 63
38 98
13 77
64 69
53 95
16 27
46 85
46 97
74 91
11 54
48 86
5 80
19 60
33 78
8 35
15 84
73 98
54 83
75 87
14 52
45 54
56 64
87 90
28 52
45 89
70 91
23 55
40 42
44 87
53 84
18 25
39 54
8 27
19 62
16 89
16 70
12 72
47 49
60 86
28 68
4 30
42 44
30 54
2 76
50 51
61 84
24 51
52 83
48 96
21 71
25 55
34 88
28 35
1 52
31 82
35 60
39 84
12 28
81 96
23 28
28 88
31 41
54 66
7 32
40 61
56 72
70 85
70 84
14 74
19 88
17 81
38 62
0 7
86 91
18 46
2 78
17 49
6 97
44 51
21 82
48 74
0 43
38 74
7 29
9 36
7 26
18 77
62 91
28 74
37 83
8 18
75 97
53 75
46 93
19 49
25 98
49 92
36 59
54 71
23 78
11 92
40 70
82 87
23 77
76 94
5 44
31 76
13 69
55 78
57 60
41 45
29 40
47 66
88 96
73 97
56 78
46 67
31 43
10 19
35 65
1 98
74 88
53 80
28 42
23 44
27 28
14 70
92 98
5 7
81 90
51 90
63 91
78 94
33 70
43 66
23 62
5 75
37 72
36 52
30 51
37 58
0 9
11 79
43 90
23 49
32 98
3 19
33 58
29 67
81 97
46 84
58 77
13 49
56 88
6 90
5 50
11 49
7 15
12 65
65 94
37 81
21 55
23 52
31 92
14 39
48 50
17 97
18 67
11 56
17 60
41 69
41 49
35 83
52 89
58 59
50 92
8 33
30 72
74 89
62 86
0 54
38 54
9 63
13 75
5 67
9 10
4 6
49 78
74 77
7 65
67 98
0 23
21 38
17 53
4 67
93 98
1 76
19 84
53 79
25 53
0 58
5 23
9 46
24 73
23 31
50 83
0 82
48 57
64 72
21 93
15 43
51 74
41 70
49 59
80 98
20 87
56 60
30 61
23 64
58 70
18 94
52 80
3 84
9 25
4 76
14 16
36 90
10 54
25 90
6 80
36 70
90 93
40 48
26 88
38 63
39 45
4 90
20 61
64 82
36 50
82 90
30 93
19 61
22 31
24 77
1 56
4 58
20 67
69 94
6 15
29 92
1 84
46 91
0 47
48 73
39 59
29 77
49 64
77 88
26 31
24 78
22 64
8 21
52 65
52 63
6 61
49 68
29 36
34 82
77 83
3 77
2 81
3 8
17 59
39 80
52 96
13 83
7 33
37 95
28 69
29 51
13 39
23 29
59 93
0 53
8 14
47 56
46 83
48 98
67 97
41 85
20 98
18 35
76 91
35 47
10 99
6 87
17 69
32 48
81 92
21 61
20 62
22 97
0 81
38 53
74 76
38 47
33 91
0 38
9 34
12 19
8 78
46 59
44 80
1 34
46 86
25 85
17 20
51 89
0 72
40 57
24 69
22 70
16 18
56 70
83 95
26 43
40 90
16 71
34 90
50 82
10 46
1 33
30 97
11 50
94 98
18 98
65 97
59 88
37 41
25 58
22 36
7 62
24 34
3 64
39 60
14 37
36 88
13 61
73 94
56 98
64 65
22 62
83 88
9 57
29 91
44 57
29 86
62 79
29 72
10 59
23 34
61 90
21 70
17 48
67 92
24 64
22 88
66 67
31 80
42 58
10 61
5 40
17 35
6 7
42 61
50 69
54 92
0 29
78 87
23 83
64 89
42 79
18 53
3 40
25 37
40 58
46 51
37 71
47 88
20 56
54 62
0 2
8 42
28 32
58 72
33 35
55 68
6 33
2 7
44 56
31 44
11 96
56 94
54 78
29 49
53 62
9 98
74 78
4 51
39 57
12 41
39 86
19 68
44 46
9 39
48 83
11 47
57 69
6 53
34 69
57 79
10 74
56 95
34 38
28 33
14 42
0 8
24 71
9 86
50 75
4 70
45 85
20 76
53 55
16 37
83 87
11 67
6 32
41 43
73 82
15 96
54 96
37 77
42 88
25 67
14 63
36 92
2 40
18 57
16 55
14 65
6 10
46 95
4 97
5 84
72 74
6 81
0 30
41 53
7 94
0 56
65 77
77 91
15 73
67 95
6 17
26 81
82 83
3 14
22 42
46 81
66 95
67 96
24 52
29 38
26 93
28 87
76 89
43 65
55 60
53 78
25 69
26 38
13 64
28 66
74 98
48 56
36 54
33 45
23 89
28 41
21 43
24 63
10 71
88 97
86 93
19 90
38 94
63 92
11 57
56 97
41 76
78 85
1 47
37 94
42 81
61 95
50 56
27 39
24 25
50 94
0 10
22 34
37 42
46 74
46 90
38 68
70 82
25 63
21 41
15 34
6 95
35 59
47 63
44 52
10 72
51 72
39 96
51 76
40 62
58 61
16 45
27 76
44 65
6 26
10 86
82 95
3 52
14 49
35 54
26 67
6 93
12 25
11 12
21 52
15 39
33 37
9 50
14 88
40 87
32 76
4 53
14 25
18 30
55 95
17 29
47 93
42 62
16 38
12 16
52 54
40 51
13 30
19 64
22 57
78 90
88 91
15 22
39 71
16 31
22 55
41 71
17 67
5 16
51 65
31 78
37 51
46 53
97 99
85 95
2 93
92 94
66 92
28 83
13 68
15 52
21 73
28 71
15 35
70 94
2 58
1 77
54 56
26 80
10 76
4 72
8 40
44 62
60 80
69 74
24 96
80 90
14 23
50 78
33 68
31 69
31 75
48 60
46 80
21 53
44 70
29 57
47 62
36 61
4 46
28 37
88 93
30 81
10 63
29 30
64 67
68 77
11 51
42 95
5 95
7 27
42 59
21 81
22 37
14 79
73 89
65 68
39 91
10 30
54 73
47 91
18 44
18 65
4 65
75 79
19 33
26 73
16 21
33 46
44 58
34 66
7 40
58 69
0 73
71 92
2 97
53 56
42 68
42 74
15 72
9 24
59 67
12 66
20 89
30 38
49 98
9 19
48 78
33 55
21 46
22 56
38 75
27 77
5 71
29 53
60 74
33 38
70 76
4 89
2 4
22 95
49 79
43 78
23 33
85 93
17 58
22 93
75 80
43 61
4 31
30 40
8 85
69 88
26 47
46 69
34 92
14 59
51 69
10 93
5 32
6 60
43 59
3 33
38 55
31 97
98 99
29 68
42 43
1 11
10 34
22 82
1 26
20 27
24 68
12 23
2 27
51 99
2 36
54 70
38 43
4 8
70 96
14 76
7 46
59 63
19 83
18 73
21 28
33 43
20 84
38 86
61 97
23 94
30 92
4 78
21 75
0 39
30 94
88 92
27 29
8 92
8 66
0 59
38 88
31 98
2 9
49 55
42 47
23 90
21 34
28 62
22 25
56 96
2 22
43 74
28 29
49 66
61 94
0 45
3 72
33 39
13 38
56 86
38 83
6 42
35 50
11 19
94 96
0 32
44 82
9 20
65 98
28 45
15 61
82 89
17 76
74 86
64 90
37 56
52 90
35 66
18 84
44 84
35 96
51 67
15 62
52 82
28 84
43 62
25 68
1 63
23 91
77 79
70 90
20 31
19 98
31 86
53 66
12 42
6 89
9 95
26 32
24 26
0 86
53 77
6 16
10 32
28 89
77 89
34 75
50 98
10 48
52 78
26 40
19 32
38 52
62 65
46 76
31 67
21 60
14 28
52 61
3 50
3 38
35 77
67 76
64 92
4 81
36 78
38 93
85 94
3 43
58 67
23 72
21 36
15 16
3 10
32 64
17 62
26 50
57 75
33 77
36 72
69 86
9 30
1 71
2 90
19 48
56 92
24 90
76 80
43 48
21 56
15 85
23 59
16 42
13 29
26 78
18 80
14 84
52 93
26 63
1 60
0 19
40 63
33 59
0 74
6 72
53 76
17 99
85 89
24 60
6 91
49 58
24 61
17 34
25 72
46 98
60 75
32 63
65 84
24 43
3 56
20 33
10 13
62 80
4 11
55 91
55 88
59 74
5 89
16 85
38 61
78 82
8 26
26 96
11 39
39 55
58 76
44 79
56 68
5 96
17 46
8 45
79 83
59 72
5 76
8 72
14 53
81 88
65 96
30 75
10 22
6 99
15 55
23 65
77 90
57 59
29 71
62 97
9 33
7 49
4 96
0 79
34 98
13 14
7 70
27 62
78 98
47 82
26 28
35 93
87 92
7 21
7 89
44 94
37 46
21 83
36 93
44 47
31 50
58 94
27 45
9 83
57 91
55 86
44 83
9 88
37 64
1 64
8 36
72 85
11 45
0 67
20 22
0 37
31 90
4 35
39 40
60 81
85 91
9 21
30 99
10 56
6 48
2 8
68 95
60 92
62 64
64 68
58 78
40 46
4 74
5 99
86 95
19 87
47 60
27 56
51 59
24 33
43 44
53 92
49 83
19 77
45 64
42 75
62 77
43 87
51 95
25 83
8 11
4 14
17 26
60 70
3 46
70 98
58 85
26 45
11 76
11 16
17 94
9 72
10 83
5 63
9 62
2 24
66 71
71 82
25 38
35 52
8 39
22 72
7 13
57 58
1 46
5 22
43 63
30 91
49 89
34 65
4 44
56 79
31 95
14 86
57 90
62 94
10 90
2 12
37 59
60 87
79 86
89 98
35 36
0 84
13 16
77 96
55 98
66 83
3 62
46 47
33 85
32 67
89 91
65 69
54 72
43 50
34 57
13 94
81 95
57 77
48 68
3 69
72 96
53 70
16 72
68 87
81 89
61 81
8 81
44 99
59 66
4 37
4 17
18 23
40 85
55 61
7 87
42 85
19 26
50 85
74 92
35 48
11 43
16 26
6 69
58 80
21 68
46 89
56 61
15 59
28 51
2 25
84 89
64 83
91 99
26 66
33 75
47 79
6 13
12 57
47 58
13 47
24 48
26 59
37 85
52 92
90 98
56 91
35 56
66 77
24 53
57 61
56 66
17 70
1 74
76 78
12 18
8 76
24 70
37 78
4 50
42 80
34 72
36 48
26 60
6 77
12 24
38 95
51 57
19 95
2 62
35 92
66 69
3 13
52 99
3 86
36 51
45 87
9 74
12 47
76 83
17 71
12 61
17 90
45 98
69 91
21 99
12 17
26 46
65 83
19 66
49 84
36 74
10 58
37 91
23 92
54 85
0 70
17 77
8 90
1 3
32 50
9 44
13 82
57 72
28 53
49 81
47 53
16 23
12 51
14 43
62 99
19 99
3 20
68 90
30 63
28 70
20 26
45 59
8 59
50 90
47 51
15 65
2 89
50 99
51 64
85 98
16 54
13 81
15 87
4 71
47 90
12 53
80 83
79 95
19 43
4 59
32 74
75 83
25 51
8 51
14 90
1 30
17 86
1 27
16 63
1 66
3 45
30 49
49 90
26 65
10 70
83 90
17 68
51 66
26 37
6 35
85 90
15 46
61 64
5 53
2 20
11 17
42 46
31 60
43 75
9 12
15 31
15 69
70 93
12 54
14 57
15 86
17 95
34 89
4 48
25 52
4 20
37 53
3 49
0 5
19 50
30 77
55 90
26 52
68 80
68 72
28 58
27 58
10 33
15 28
80 91
9 42
15 88
45 91
26 72
27 78
50 64
2 52
55 92
15 77
19 89
14 99
2 87
36 95
11 98
2 64
17 80
26 69
22 46
30 53
37 61
89 90
60 61
2 65
54 79
10 57
53 68
86 98
17 78
28 65
27 37
15 17
2 5
6 12
27 65
34 87
70 77
13 53
0 69
13 78
53 99
3 37
12 98
88 99
27 99
54 69
42 49
34 77
79 81
9 48
19 27
54 80
3 87
65 81
1 54
4 10
19 20
3 51
65 86
17 25
3 25
45 52
61 85
50 53
69 80
46 49
5 12
34 60
8 80
45 95
49 74
27 71
8 57
57 63
5 52
27 74
42 70
54 95
1 37
20 65
27 86
36 57
61 80
61 72
54 90
32 33
12 86
50 95
13 63
32 70
10 17
27 95
60 90
70 95
15 49
49 57
17 87
50 70
50 87
57 78
36 79
15 32
27 90
78 80
49 61
50 66
15 70
26 79
0 95
0 90
27 79
